name,cmc,release_year,price,color,image,type_line,artist
Akroma's Memorial,7,2024,22.72,#8c8d8b,https://cards.scryfall.io/normal/front/7/c/7c23360d-ff57-412c-9899-6050cb481da6.jpg?1730461017,Legendary Artifact,Carly Mazur
Bloom Tender,2,2024,11.99,#087500,https://cards.scryfall.io/normal/front/e/f/ef1b78d9-8f09-4d67-ac6b-45204e525b35.jpg?1733001264,Creature — Elf Druid,Julie Dillon
Bone Miser,5,2025,28.0,#000000,https://cards.scryfall.io/normal/front/2/d/2dd78806-621a-4f9f-936c-527ec9659667.jpg?1738354976,Creature — Zombie Wizard,Jay Howell
Brazen Borrower // Petty Theft,3,2024,6.72,#341aff,https://cards.scryfall.io/normal/front/e/d/ed39ecb5-6c7c-428d-8ff3-7bd30edf00d5.jpg?1717645369,Creature — Faerie Rogue // Instant — Adventure,Jesper Ejsing
Bridge from Below,3,2023,1.37,#000000,https://cards.scryfall.io/normal/front/5/f/5feaed81-008e-4ec1-852d-907c0897dff6.jpg?1699173323,Enchantment,Yeong-Hao Han
Carnage Tyrant,6,2023,5.62,#087500,https://cards.scryfall.io/normal/front/f/5/f5f20dd5-ff5f-4530-9a69-d6a3eab467f7.jpg?1698988693,Creature — Dinosaur,Monztre
Chandra's Ignition,5,2025,15.0,#ff1a1a,https://cards.scryfall.io/normal/front/d/6/d6c144f5-37ec-41d7-8acd-6e7b94f12701.jpg?1738354987,Sorcery,Tsubonari
Chrome Mox,0,2025,107.47,#8c8d8b,https://cards.scryfall.io/normal/front/d/a/da3b705c-a5c9-4e65-9a5e-31b7dc734623.jpg?1738355006,Artifact,Princess Hidir
Collected Company,4,2024,3.64,#087500,https://cards.scryfall.io/normal/front/f/d/fdff930a-d820-44c3-87f3-7b50f3137e46.jpg?1727188213,Instant,Borja Pindado
Condemn,1,2024,0.87,#ffffff,https://cards.scryfall.io/normal/front/e/e/ee6a541f-a72e-4aa5-bced-430e5158ca85.jpg?1733001326,Instant,Rovina Cai
Crashing Footfalls,0,2024,3.25,#087500,https://cards.scryfall.io/normal/front/5/6/564eb8e2-e3fb-44b6-a36d-a74e2374f9ff.jpg?1707429351,Sorcery,Uriah Voth
Damnation,4,2024,21.77,#000000,https://cards.scryfall.io/normal/front/9/3/93376e64-1086-43e1-9326-8cbe9f850233.jpg?1727336634,Sorcery,Masahiro Ito
Desert,0,2024,3.43,#8c8d8b,https://cards.scryfall.io/normal/front/5/a/5aa802d3-f9b1-49d1-87de-91d5fd9850ad.jpg?1714483871,Land — Desert,Lucas Graciano
Desertion,5,2024,2.2,#341aff,https://cards.scryfall.io/normal/front/f/5/f51053d1-f158-4c62-96f4-0c93f1ec9007.jpg?1714483874,Instant,Donato Giancola
Dismember,3,2024,5.98,#000000,https://cards.scryfall.io/normal/front/3/5/35aa1476-f16a-45ae-b91a-4ea7e5fb0ba8.jpg?1729618855,Instant,Martin de Diego Sádaba
Drown in the Loch,2,2024,5.94,#d78f42,https://cards.scryfall.io/normal/front/0/3/03c8654e-900a-4720-a4a1-1107d6271c70.jpg?1707355192,Instant,Chris Seaman
Embercleave,6,2024,11.68,#ff1a1a,https://cards.scryfall.io/normal/front/3/2/32bee083-859e-407c-99ad-3fb74b1d4233.jpg?1729891787,Legendary Artifact — Equipment,Wylie Beckert
Endurance,3,2024,9.89,#087500,https://cards.scryfall.io/normal/front/1/6/16a449c9-7d0b-4fbc-9b9c-903be5009e0a.jpg?1729618862,Creature — Elemental Incarnation,Campbell White
Expressive Iteration,2,2024,4.38,#d78f42,https://cards.scryfall.io/normal/front/4/6/462129ce-da6e-4483-a01d-d5c67707d778.jpg?1729618858,Sorcery,Kai Carpenter
Expropriate,9,2024,11.35,#341aff,https://cards.scryfall.io/normal/front/d/4/d4a11129-02b5-45a9-bfa0-c144ddd45fac.jpg?1727336649,Sorcery,Borja Pindado
Fabricate,3,2024,10.5,#341aff,https://cards.scryfall.io/normal/front/c/7/c754663b-8414-483f-b2b1-c2deebe60ee6.jpg?1707429357,Sorcery,Fajareka Setiawan
Field of the Dead,0,2024,40.52,#8c8d8b,https://cards.scryfall.io/normal/front/2/c/2cf97898-1e05-4c0e-896f-ba6713bf6a7b.jpg?1717645347,Land,Ralph Horsley
Fiend Artisan,2,2024,4.55,#d78f42,https://cards.scryfall.io/normal/front/5/0/50a31dde-29b0-4c6f-b345-ae3c984cd1c7.jpg?1730323898,Creature — Nightmare,Carl Critchlow
Frogmite,4,2024,2.95,#8c8d8b,https://cards.scryfall.io/normal/front/9/a/9a6101e0-d320-44d0-88ed-38021bfdd2d3.jpg?1721433806,Artifact Creature — Frog,Mike Sass
Fury,5,2024,4.31,#ff1a1a,https://cards.scryfall.io/normal/front/4/6/469d96bc-331b-42a8-9938-93ecece2fb5f.jpg?1729618861,Creature — Elemental Incarnation,Campbell White
Gamble,1,2024,11.43,#ff1a1a,https://cards.scryfall.io/normal/front/6/d/6d289cdd-3afa-48dd-9c90-3d8f9df79f16.jpg?1707429361,Sorcery,Jason A. Engle
Ghalta- Primal Hunger,12,2023,9.7,#087500,https://cards.scryfall.io/normal/front/f/1/f16c4abb-917a-4bd5-b0bc-b700611cd5b9.jpg?1698988697,Legendary Creature — Elder Dinosaur,Joshua Raphael
Ghostly Prison,3,2024,12.37,#ffffff,https://cards.scryfall.io/normal/front/d/0/d0ae5ac7-4cd9-40d7-b3a7-e7d493f2bf7a.jpg?1707429366,Enchantment,Volkan Baǵa
Goblin Bushwhacker,1,2024,2.57,#ff1a1a,https://cards.scryfall.io/normal/front/0/5/052df800-9f13-4469-9e8c-16d327025aa0.jpg?1733001261,Creature — Goblin Warrior,Dominik Mayer
Grief,4,2024,2.66,#000000,https://cards.scryfall.io/normal/front/2/1/21788bbb-f174-4629-9092-19e788f5e408.jpg?1729618860,Creature — Elemental Incarnation,Campbell White
Grim Tutor,3,2024,15.04,#000000,https://cards.scryfall.io/normal/front/2/4/2449eab9-b05e-40b6-adac-9132007a1af1.jpg?1730323776,Sorcery,DZO
Hallowed Haunting,4,2024,6.29,#ffffff,https://cards.scryfall.io/normal/front/1/9/1948c865-fd0a-423c-9911-44a95a03c71f.jpg?1727188220,Enchantment,Mila Pesic
Kalamax- the Stormsire,4,2023,3.27,#d78f42,https://cards.scryfall.io/normal/front/7/c/7ce0935c-03f7-4f8d-9141-ef612438414f.jpg?1699173354,Legendary Creature — Elemental Dinosaur,Sam Burley
Kindred Charge,6,2024,5.43,#ff1a1a,https://cards.scryfall.io/normal/front/b/1/b10579ee-d2b9-4fec-b4aa-63cd7aa7aae5.jpg?1721433781,Sorcery,Milivoj Ćeran
Ledger Shredder,2,2024,16.12,#341aff,https://cards.scryfall.io/normal/front/c/0/c0564116-24c1-4b5d-bb9e-a0828fe164b7.jpg?1722644534,Creature — Bird Advisor,Volkan Baǵa
Lord of Atlantis,2,2023,12.65,#341aff,https://cards.scryfall.io/normal/front/3/d/3d5073a2-4839-4f33-bda4-6f0a98d3739b.jpg?1698988670,Creature — Merfolk,Syd Mills
Lord of the Undead,3,2025,24.99,#000000,https://cards.scryfall.io/normal/front/f/f/ffd745cc-330e-4476-b4f2-fcb3d202826f.jpg?1738354986,Creature — Zombie,Skinner
Lord Windgrace,5,2023,4.92,#d78f42,https://cards.scryfall.io/normal/front/a/1/a135d779-d223-4274-8d7f-d7b12842d93b.jpg?1698988704,Legendary Planeswalker — Windgrace,April Prime
Maddening Hex,3,2024,3.74,#ff1a1a,https://cards.scryfall.io/normal/front/9/5/95b9be27-5abe-4341-b100-eba5c7854601.jpg?1727336606,Enchantment — Aura Curse,Javier Charro
Mana Crypt,0,2023,66.11,#8c8d8b,https://cards.scryfall.io/normal/front/e/c/ecb293d5-b13b-400f-ac7b-162a1e127ec7.jpg?1698988713,Artifact,Dominik Mayer
Mephidross Vampire,6,2023,3.06,#000000,https://cards.scryfall.io/normal/front/2/3/23206788-1d7f-430b-9c0a-35bfff824176.jpg?1698988678,Creature — Vampire,Samuel Araya
Mirri- Weatherlight Duelist,3,2023,5.76,#d78f42,https://cards.scryfall.io/normal/front/9/5/95890c4e-c661-4aae-8463-d1377d9cbcaf.jpg?1699114777,Legendary Creature — Cat Warrior,Michele Giorgi
Morbid Opportunist,3,2024,11.05,#000000,https://cards.scryfall.io/normal/front/7/5/75ce7a2a-95c3-4854-ab70-15d144d44714.jpg?1717645383,Creature — Human Rogue,Chris Seaman
Mystic Snake,4,2024,3.5,#d78f42,https://cards.scryfall.io/normal/front/e/e/ee7bdfa2-2263-4585-8f53-f2d66ecc31a0.jpg?1714483878,Creature — Snake,Svetlin Velinov
Notion Thief,4,2024,4.88,#d78f42,https://cards.scryfall.io/normal/front/e/8/e8d70073-3785-447a-9aea-bd7794d52f29.jpg?1714168636,Creature — Human Rogue,Alix Branwyn
Noxious Revival,1,2024,10.98,#087500,https://cards.scryfall.io/normal/front/7/b/7b8c04ad-9c81-48f6-85cc-ae30a80a7989.jpg?1727336590,Instant,Javier Charro
Paradise Druid,2,2024,1.49,#087500,https://cards.scryfall.io/normal/front/f/a/fa8f7b06-48cc-4b89-a3f8-27179aec9fc0.jpg?1730323872,Creature — Elf Druid,Alex Dos Diaz
Persist,2,2024,6.92,#000000,https://cards.scryfall.io/normal/front/6/f/6f7dce60-702f-4e6d-9c72-8595ca7189e5.jpg?1729618857,Sorcery,Jarel Threat
Phantasmal Image,2,2024,5.84,#341aff,https://cards.scryfall.io/normal/front/9/d/9d4d925d-06b5-43b1-8d31-694a684b1db4.jpg?1727336642,Creature — Illusion,Darren Tan
Polyraptor,8,2023,13.31,#087500,https://cards.scryfall.io/normal/front/8/c/8cb105d6-6bc1-4b8b-8797-8acc6af41be9.jpg?1698988698,Creature — Dinosaur,Yeong-Hao Han
Port Razer,5,2024,5.5,#ff1a1a,https://cards.scryfall.io/normal/front/2/5/25c13a34-9be3-4ff4-996d-f61c6db2e990.jpg?1714168652,Creature — Orc Pirate,Zoltan Boros
Prismatic Ending,1,2024,5.18,#ffffff,https://cards.scryfall.io/normal/front/3/2/32d8d2eb-4a6b-4651-8ffb-d17160f9a7fb.jpg?1729618854,Sorcery,Dominik Mayer
Prismatic Vista,0,2024,32.63,#8c8d8b,https://cards.scryfall.io/normal/front/e/b/ebe7ddb9-ac1c-4c42-a7c7-8683c7ba448d.jpg?1714168595,Land,Sam Burley
Rampaging Ferocidon,3,2023,4.34,#ff1a1a,https://cards.scryfall.io/normal/front/3/8/3850d00e-cef7-494e-89cd-b5d2d8367fcc.jpg?1698988690,Creature — Dinosaur,Dan Murayama Scott
Rat Colony,2,2024,8.98,#000000,https://cards.scryfall.io/normal/front/9/a/9a75d005-cd2c-4131-b3ed-ceec7842b165.jpg?1721433756,Creature — Rat,Mark Zug
Relentless Rats,3,2024,7.77,#000000,https://cards.scryfall.io/normal/front/1/c/1cc70d4e-662e-42c7-8a21-f3a002198fea.jpg?1721433772,Creature — Rat,Mathias Kollros
Sacrifice,1,2024,5.84,#000000,https://cards.scryfall.io/normal/front/6/0/60af9b16-3e0b-432b-b01f-c009630a1d74.jpg?1727336615,Instant,David Palumbo
Scapeshift,4,2024,30.82,#087500,https://cards.scryfall.io/normal/front/5/e/5edac3e9-6c18-4801-a035-2803d35314ef.jpg?1717645395,Sorcery,Joseph Meehan
Secluded Courtyard,0,2024,7.35,#8c8d8b,https://cards.scryfall.io/normal/front/9/c/9ca14d07-2299-4a11-8c59-cb5edb257d72.jpg?1721447341,Land,Dan Murayama Scott
Show and Tell,3,2024,7.73,#341aff,https://cards.scryfall.io/normal/front/0/8/08844d76-fc69-4fe3-9c1d-118110b3eb2c.jpg?1707355944,Sorcery,Donato Giancola
Solitude,5,2024,15.0,#ffffff,https://cards.scryfall.io/normal/front/0/9/09ddb4a6-8144-4acc-9caa-4026a7a0537f.jpg?1729618817,Creature — Elemental Incarnation,Campbell White
Soul Warden,1,2024,3.96,#ffffff,https://cards.scryfall.io/normal/front/b/c/bc9df8ac-0214-4d8a-a401-667f8c34e63e.jpg?1727365284,Creature — Human Cleric,Joshua Cairos
Sphinx's Tutelage,3,2024,3.28,#341aff,https://cards.scryfall.io/normal/front/9/4/94a3673b-6003-4612-a8f6-02829aa9de7d.jpg?1733168236,Enchantment,Jason A. Engle
Stoneforge Mystic,2,2024,24.61,#ffffff,https://cards.scryfall.io/normal/front/1/1/11130547-391b-4fe7-8821-ef9514f6073f.jpg?1714168621,Creature — Kor Artificer,Livia Prima
Subtlety,4,2024,6.92,#341aff,https://cards.scryfall.io/normal/front/a/a/aa49c502-2b87-4954-a1fb-76f409399c94.jpg?1729618859,Creature — Elemental Incarnation,Campbell White
Sword of Fire and Ice,3,2024,30.6,#8c8d8b,https://cards.scryfall.io/normal/front/0/6/065cd3b9-b5aa-44d3-93f4-3a43694d7a1a.jpg?1721165909,Artifact — Equipment,Volkan Baǵa
Swords to Plowshares,1,2024,13.55,#ffffff,https://cards.scryfall.io/normal/front/8/0/80590c26-285e-4b7b-9ee5-62956dba4ad7.jpg?1721433731,Instant,Izzy
Sylvan Tutor,1,2024,29.63,#087500,https://cards.scryfall.io/normal/front/6/5/657a745d-038e-4cbd-9ffb-2a76009400a7.jpg?1721433793,Sorcery,Scott M. Fischer
Temporal Manipulation,5,2024,11.2,#341aff,https://cards.scryfall.io/normal/front/1/5/15993df2-e33d-4c0f-9f41-fc1ec4044271.jpg?1734371426,Sorcery,Raita Kazama
Thought-Knot Seer,4,2024,5.2,#8c8d8b,https://cards.scryfall.io/normal/front/2/7/27bf5e61-87d4-446e-8583-cece83d3aacd.jpg?1729618850,Creature — Eldrazi,Antonio José Manzanedo
Thrasios- Triton Hero,2,2023,17.46,#d78f42,https://cards.scryfall.io/normal/front/7/8/78b14ae1-fc8b-43df-b6a2-e9f8edc0b8dd.jpg?1698988709,Legendary Creature — Merfolk Wizard,Caroline Gariba
Tireless Tracker,3,2024,5.91,#087500,https://cards.scryfall.io/normal/front/b/3/b3364018-aeba-4f58-8233-b0026c488dd0.jpg?1707355189,Creature — Human Scout,Donato Giancola
Toski- Bearer of Secrets,4,2024,17.36,#087500,https://cards.scryfall.io/normal/front/0/1/0153d1ad-c8ee-42ff-a059-b763c2cfb7be.jpg?1721433799,Legendary Creature — Squirrel,Lucas Graciano
Tragic Slip,1,2024,5.04,#000000,https://cards.scryfall.io/normal/front/8/c/8cf5c0b7-dd26-4515-9034-1483437fbd7e.jpg?1707355167,Instant,Scott M. Fischer
Underworld Breach,2,2023,23.49,#ff1a1a,https://cards.scryfall.io/normal/front/2/f/2f2374a2-21d6-4643-8602-684342d0dbfc.jpg?1698988690,Enchantment,Piotr Dura
Unholy Heat,1,2024,2.56,#ff1a1a,https://cards.scryfall.io/normal/front/8/2/8288ca17-88b2-4ad4-9918-5624543e9048.jpg?1727188236,Instant,Josh Hass
Victimize,3,2024,13.77,#000000,https://cards.scryfall.io/normal/front/e/7/e7e7cbed-83d7-41e5-b495-9850d631ad56.jpg?1707429369,Sorcery,Kekai Kotaki
